1720
-0.0605085377959671
-0.40787496730067274
-0.3485044536426134
-0.29083368491817896
-0.24301794821249967
-0.2039457040184447
-0.17061329066963582
-0.14010484503245357
-0.1100447801635589
-0.08030539001852599
-0.052945487867119834
-0.027122823412864427
0.0010921841221626094
0.03444725517760039
0.0755501651928372
0.12528370061055993
0.1797838047721495
0.24764985240856496
0.31751673403707703
-0.418232917023623
-0.1629880606993297
-0.6045309685948139
-0.5397167872519613
-0.4588436413905099
-0.3862725865488892
-0.32465140957523175
-0.2714646693976801
-0.22329716472696615
-0.17725697537049268
-0.13316101222529309
-0.09338627647555198
-0.05707843065022211
-0.019759011979892493
0.022181979821386366
0.07136098965334614
0.12638063211964057
0.1823986379793998
0.25110367280699464
0.32449491777959194
-0.38313167034654616
-0.22390745811284352
-0.685495250813652
-0.6239139076386111
-0.5427806065399796
-0.4668661367788729
-0.40009059107929623
-0.34091905648435694
-0.2865161238036438
-0.23428814904245865
-0.18425456418643482
-0.1389511511163175
-0.09748782246802734
-0.05517896813366674
-0.008200521269227101
0.04623878356643507
0.10685281330408691
0.16892414267616274
0.2442736457973499
0.32415032612013117
-0.3741838850438093
-0.2688804456580547
-0.7382295450655507
-0.6753994953369824
-0.5937267073822672
-0.5168959365101735
-0.4485604962284542
-0.3872190742183317
-0.3301600461809464
-0.2749140533264398
-0.22163990274868484
-0.17301302905816485
-0.12816209222295383
-0.08231837340914883
-0.03159047256122571
0.026848217891879744
0.09170012044157072
0.15818068000038665
0.23802001394491834
0.32202175811183875
-0.37179291420115557
-0.30424338011259344
-0.7772232267495496
-0.7117133286332304
-0.628726677525143
-0.5509659905035968
-0.4816688522553165
-0.41915357116770613
-0.3606430299593699
-0.3036579474955625
-0.24840431729980428
-0.19763850972871144
-0.15050425811077828
-0.10219044552554468
-0.04878980277284972
0.012506371466573185
0.08034335075490562
0.14985033344492305
0.23272397799721678
0.3195796359037011
-0.37166155978034965
-0.33299844332625206
-0.8077223540440972
-0.739160275240657
-0.6545219769957145
-0.5756763907268436
-0.5054811105080725
-0.4420576964043572
-0.38252501640297654
-0.32435230263964376
-0.2677498513322092
-0.215516285466691
-0.16679862215414376
-0.11675411756932141
-0.061469981435859244
0.0018396421338424673
0.07176734852830746
0.14337701604559971
0.228374087981556
0.31730066005016966
-0.3723519843680807
-0.356862814285986
-0.8323417528348105
-0.7607503991935152
-0.6743833161706139
-0.594393321798987
-0.5233090602109858
-0.4590756973865229
-0.39871104719278017
-0.3396271666503283
-0.28202391475216104
-0.22872244830006627
-0.1788655865316935
-0.12758208782060687
-0.070952327529344
-0.006205930049141939
0.06521064881253458
0.13831616626140364
0.2248446719860887
0.31531859769145554
-0.37329607199285686
-0.37692748199200987
-0.8526114029664937
-0.7781740275821667
-0.6901326250715367
-0.609019181428095
-0.5370787712477634
-0.47210396935672305
-0.41102325104148885
-0.3511959791474275
-0.2928076699833666
-0.2386921947602081
-0.18798469417010244
-0.1357876273823595
-0.07817219980371792
-0.012376270706273784
0.06012625622646328
0.13432343936502933
0.22198549948616075
0.31364123814513334
-0.374262314414729
-0.39393489228564404
-0.8695140757006652
-0.7924780480280376
-0.7028798031910815
-0.6207110697894811
-0.5479718246869376
-0.482323221227112
-0.4206166762225034
-0.36016542002886465
-0.30114040220911
-0.2463830186014382
-0.19501955931427606
-0.14212867489526348
-0.08377124068953967
-0.017188430375830954
0.05612664757323449
0.1311409755613211
0.21966231683911464
0.3122380983008143
-0.37515680025571263
-0.4084153555820822
-0.8837204830223486
-0.8043535516374261
-0.7133432890077442
-0.630210937948833
-0.5567443424648157
-0.4904915196235926
-0.4282377432805087
-0.3672565239713492
-0.3077052046356663
-0.2524296766671337
-0.20054741112288688
-0.147115972840981
-0.08818582265294062
-0.020998543875355047
0.05293913117927507
0.12857946370750162
0.21776602953332536
0.31106982086227764
-0.3759470900171673
-0.4207610940460107
-0.8957080917540867
-0.8142776981439706
-0.7220088892470422
-0.6380139283081052
-0.5638972788557675
-0.4971097014682524
-0.4343797383262382
-0.3729468026113696
-0.3129560185494018
-0.25725596515371296
-0.20495583303942833
-0.1510948046589451
-0.09171350984815319
-0.024052393070831846
0.05037194117788413
0.12650126775754222
0.21621178745464753
0.3100990878044183
-0.3766277588348901
-0.4312694138466697
-0.9058271686054904
-0.8225910504181506
-0.7292162545494534
-0.6444612558357024
-0.569772541909183
-0.5025174738124698
-0.4393760864767837
-0.37755863188824
-0.3171994686997579
-0.2611487566388666
-0.20850817591071613
-0.1543010670630791
-0.09455915244617752
-0.026521006765932276
0.048289469631343285
0.12480643595717478
0.2149349642950199
0.309294127131601
-0.37720459498099035
-0.4401697461354237
-0.9143405425580515
-0.8295429544932149
-0.7352093209520316
-0.6497943761575753
-0.5746094461627673
-0.5069507833811737
-0.4434571725191858
-0.3813141067471508
-0.3206465745059017
-0.2643055874084874
-0.2113861889226556
-0.1568982163636321
-0.09686554951525506
-0.028524668906107165
0.04659503968466494
0.12342212757988213
0.21388664365283205
0.3086290023266829
-0.3776873609652258
-0.44764113762201085
-0.921448520633172
-0.8353193889696564
-0.7401668511571702
-0.6541878080058376
-0.5785791326911651
-0.510577011760625
-0.4467854903455992
-0.3843692275041857
-0.3234451824459401
-0.26686476813583426
-0.21371728490620368
-0.15900120853893718
-0.09873367577774106
-0.030149107786239693
0.045218938777260353
0.12229484855858952
0.21302988546621893
0.3080831022389876
-0.37808639883868844
-0.4538238557088867
-0.9273049758496741
-0.8400607207995123
-0.7442217710894512
-0.6577697051464975
-0.5818059849473718
-0.5135168443917995
-0.4494774964666559
-0.38683532247679864
-0.32570052754598744
-0.26892464539067396
-0.21559211682549573
-0.16069201946981004
-0.10023582295975952
-0.03145607791095584
0.044110480754344206
0.1213851297238544
0.21233675446446543
0.30764020844773876
-0.37841125937538633
-0.4588276441288075
-0.9320283785991799
-0.8438734054150245
-0.7474735775259518
-0.660634941327852
-0.5843812743465919
-0.51585820053534
-0.4516175455713112
-0.38879268509455267
-0.32748828194062085
-0.270555843049185
-0.21707581061437642
-0.1620296453749681
-0.10142418265756414
-0.03249039118708108
0.04323258078580405
0.12066372582424723
0.21178619327800863
0.3072877707666577
-0.3786701030398558
-0.46273731313780364
-0.9357090823275285
-0.8468376657541126
-0.7499964784810682
-0.662853655176928
-0.586371971767486
-0.517665203594935
-0.4532668651445513
-0.39029937325309283
-0.32886301802752804
-0.27180920825891275
-0.21821522455268627
-0.1630565719785999
-0.10233644710016154
-0.03328455616123294
0.04255817470275236
0.12010910122887553
0.2113624840958057
0.30701620244843775
-0.3788695621159106
-0.46561671350469136
-0.9384144282089584
-0.8490127517791541
-0.7518448477478057
-0.6644768694573604
-0.5878264919607283
-0.5189839632500535
-0.4544692959779937
-0.3913968267614609
-0.32986360049016894
-0.27272091379549823
-0.2190436984444275
-0.16380306009029222
-0.10299950375797629
-0.0338618243426172
0.0420678068297603
0.11970565816413925
0.21105411060195012
0.3068183936305283
-0.37901478037419767
-0.46751159033955014
-0.940192305778879
-0.8504404960697172
-0.7530568203196166
-0.6655401746705705
-0.5887784548518085
-0.5198463778432885
-0.45525506981554753
-0.3921135467654737
-0.33051670599949
-0.2733157571706919
-0.21958407949258452
-0.16428985761038595
-0.10343181778058796
-0.03423820729270943
0.04174803585742404
0.11944257501061395
0.21085305293544665
0.3066893654304492
-0.37910940735352394
-0.4684514481003961
-0.941073442629516
-0.8511476258443353
-0.7536566707123322
-0.6660661416756903
-0.5892491040812482
-0.5202725447532206
-0.45564319037173795
-0.39246741763681703
-0.33083905486976195
-0.2736092723826755
-0.21985067765608046
-0.1645299655230339
-0.10364497501213399
-0.034423777510591336
0.04159035515316212
0.11931291189022153
0.2107540272333307
0.30662563150907585
-0.3791562407676152
-0.46845076418555465
-0.9410728710600169
-0.8511471728803084
-0.7536561972785554
-0.6660657182979237
-0.5892487315611712
-0.5202721808742585
-0.45564282699217573
-0.3924670570299227
-0.3308386947973856
-0.2736089293684354
-0.21985037323743906
-0.16452963444652302
-0.1036445383086102
-0.03442335347769765
0.04159073342644648
0.11931346254446706
0.21075474122332571
0.30662594202398563
-0.37915601377280117
-0.4675095481677112
-0.9401905946504339
-0.8504391363319947
-0.7530554002009489
-0.6655389038070099
-0.5887773347583822
-0.5198452875073876
-0.45525398657472516
-0.39211247054773457
-0.33051562728088246
-0.2733147271119072
-0.21958316095346575
-0.16428885229915213
-0.10343049686717021
-0.03423693749868528
0.04174915790834466
0.11944419939394102
0.2108551073206989
0.30669005954137407
-0.37910913973266247
-0.4656133235152877
-0.9384115947062617
-0.849010500344582
-0.7518424842443627
-0.6644747521770904
-0.5878246279840666
-0.5189821439546471
-0.4544674823920556
-0.39139502054448627
-0.32986178643293695
-0.27271918097562176
-0.219042154164788
-0.1638013631332662
-0.102997259059183
-0.033859650011047515
0.042069761784526705
0.11970852281301925
0.21105779972949024
0.30681990785492264
-0.3790138979834794
-0.4627325624187828
-0.9357051130673675
-0.8468345212479731
-0.7499931686123511
-0.6628506854133318
-0.5863693496643883
-0.517662638914393
-0.45326430319002764
-0.3902968231571611
-0.3288604601066798
-0.27180676573468054
-0.21821304852374235
-0.16305416728218036
-0.10233325088628842
-0.03328146434763202
0.042560956029321084
0.12011319915664398
0.2113677664984145
0.30701838045978935
-0.3788683022469548
-0.4588215504640607
-0.9320232985295092
-0.8438693787876437
-0.7474693181674539
-0.660631118276561
-0.5843778961941506
-0.5158548896496167
-0.4516142308087874
-0.3887893793491317
-0.327484959612264
-0.27055266846591364
-0.21707298466331038
-0.1620265104668397
-0.1014200029591632
-0.03248637256986586
0.04323617738532859
0.12066907329492149
0.21179311483297425
0.3072906180724889
-0.37866844821548407
-0.45381642495874486
-0.9272987915624116
-0.8400558188754572
-0.7442165523440869
-0.6577650158098791
-0.5818018416672857
-0.5135127663693682
-0.4494733969963034
-0.38683122466601993
-0.32569639931100003
-0.2689206980468499
-0.21558860850555428
-0.1606881151277797
-0.10023060365107739
-0.03145111145420798
0.04411487078666032
0.1213917148645256
0.2123452759515807
0.30764354584874176
-0.37840945000744863
-0.4476323998646192
-0.9214412579997744
-0.835313631237335
-0.7401606711603033
-0.6541822494355081
-0.5785742228072543
-0.5105721592114458
-0.44678059002454296
-0.3843643170680673
-0.3234402271070209
-0.2668600210752379
-0.21371305600580626
-0.15899645907191218
-0.09872729268725289
-0.030143080685130164
0.04522424524533941
0.12230291349261291
0.21304035716555791
0.30808722347284656
-0.37808413486606707
-0.4401597680991929
-0.9143322838558658
-0.8295364005538759
-0.7352021895230934
-0.6497879445817445
-0.5746037703018332
-0.5069451467425676
-0.4434514481066134
-0.3813083504382644
-0.3206407482450615
-0.26429999605845644
-0.2113811998086128
-0.15689253344004617
-0.09685783305505113
-0.028517421775648533
0.046601423703563905
0.12343198817553958
0.21389954678395584
0.3086343041269044
-0.37768428493359507
-0.431258200648444
-0.9058179423083794
-0.8225837425230029
-0.7292081646445312
-0.6444539374223981
-0.5697660765827004
-0.5025110216794821
-0.43936950263548336
-0.37755198054598993
-0.31719270580761383
-0.2611422561818586
-0.208502376604357
-0.154294363255981
-0.09454995497977614
-0.026512465614386027
0.04829694039087651
0.12481818243007048
0.2149503762138354
0.3093004456463887
-0.37720094230660783
-0.42074872136049724
-0.8956980021432697
-0.8142696948025898
-0.7219998344347491
-0.638005722025877
-0.5638900237851909
-0.49710243200823245
-0.4343722975066582
-0.3729392301054675
-0.31294825137562765
-0.25724848716625703
-0.20494917369241916
-0.15108697530437176
-0.09170264809809581
-0.024042477847261212
0.050380496927316276
0.1265150604356824
0.2162300346499566
0.310106571728357
-0.37662342364131485
-0.40840189778113456
-0.8837096270616176
-0.8043449409288359
-0.7133332782201394
-0.6302018643744367
-0.5567363433602794
-0.49048342180275184
-0.428229368576841
-0.36724794867174815
-0.3076963628973839
-0.2524211715100857
-0.20053985992291623
-0.14710688227776347
-0.0881730158923073
-0.0209871084004154
0.05294879419184617
0.12859554890702785
0.21778756596888216
0.3110786265162717
-0.375941960479345
-0.3939204316125984
-0.8695026156740266
-0.7924690161219272
-0.7028688738581581
-0.6207011737192643
-0.5479631744251274
-0.4823143335540292
-0.4206073351352606
-0.3601557791219754
-0.30113039438340694
-0.246373386188117
-0.19501102860462782
-0.1421181070957822
-0.08375611487303414
-0.017175322133401894
0.05613742977595193
0.13115967376933857
0.21968769736436933
0.31224843229139665
-0.3751507431775922
-0.3769122037852437
-0.852599613728162
-0.7781647828421787
-0.6901208621660431
-0.6090085355837986
-0.5370695502658054
-0.47209437024109224
-0.41101303081760365
-0.35118527915999187
-0.29279640466965584
-0.23868135344586072
-0.18797515801821296
-0.13577534579106887
-0.07815420745113566
-0.012361220087026892
0.060138203858153494
0.13434516951833797
0.2220154021390961
0.313653351987512
-0.37425512502983493
-0.3568468581295168
-0.8323298298833746
-0.7607411182316446
-0.6743706931237476
-0.5943819164951956
-0.5232992807681298
-0.4590653418919042
-0.39869984449395135
-0.33961526675229026
-0.28201121856486044
-0.22871025977868875
-0.1788549596059319
-0.12756770224266023
-0.07093072877277518
-0.006188708557904432
0.0652236030398402
0.13834127502518523
0.22487994103855258
0.31533277876358623
-0.37328748640029485
-0.3329819989614329
-0.8077106350265879
-0.7391513598842887
-0.6545084820560785
-0.5756642514516723
-0.5054709273285969
-0.4420466193795842
-0.3825127195567275
-0.324339048744243
-0.26773554633900876
-0.21550259009463724
-0.1667867853372904
-0.11673709410407285
-0.06144379315853232
0.0018592245713263678
0.07178089725593118
0.1434056797439348
0.22841547439191423
0.3173169055978261
-0.3723418032547561
-0.30422671041159255
-0.7772121970626384
-0.7117053542136049
-0.6287123284547951
-0.5509532229226495
-0.4816586228380624
-0.4191420007868172
-0.3606297091557795
-0.30364323863988707
-0.24838808290278025
-0.19762296636086907
-0.15049091939015513
-0.10216978661376164
-0.04875724833143136
0.012528920572772773
0.08035693849737391
0.14988209236771843
0.23277052172962054
0.3195945469258614
-0.3716537118561394
-0.268863873094241
-0.7382200943158213
-0.6753935633214911
-0.5937116015000301
-0.5168829049399752
-0.44855105128818495
-0.38720766399188555
-0.3301461471380891
-0.27489807583315606
-0.2216215509470314
-0.17299529796004354
-0.12814668724085165
-0.08229206603678119
-0.03154790242916561
0.026876532133201292
0.09171611558360027
0.15821926320482482
0.2380761405497117
0.32203776665227224
-0.371784611597763
-0.2238909533591391
-0.685488459473351
-0.6239117776522518
-0.5427644965753591
-0.4668532334612172
-0.40008313545824614
-0.3409087398746622
-0.28650235429012705
-0.23427183816428165
-0.184235111176704
-0.13893187368375237
-0.09746996529265717
-0.05514371205445601
-0.008140853108018709
0.04628073763932139
0.10687884766011857
0.16897750048218851
0.24434636245635533
0.324170346586095
-0.3741712469085108
-0.16297071346607095
-0.6045282548523048
-0.5397220896292987
-0.4588243416839184
-0.3862594204726679
-0.32464747031828134
-0.2714571042811793
-0.22328605056331408
-0.17724388840878347
-0.13314499068394325
-0.09337115613459845
-0.05706433939080546
-0.019717233330721395
0.022271088510226633
0.07145190283390435
0.1264567300653815
0.18248128302794853
0.25118231633637866
0.3244962758514456
-0.38313168137117004
-0.060499119854572125
-0.40787319498946073
-0.3485241063193254
-0.2908280141409172
-0.24300260581202204
-0.203934260975547
-0.1706132213289131
-0.14010793511924868
-0.11004503939598775
-0.08029946514933028
-0.052935172032411604
-0.027150615532801403
0.000962925596094899
0.0344848080197413
0.0762357744548976
0.12597796050559484
0.1796562707853666
0.24734575681250093
0.31733869893691957
-0.4182768946401325
0.5073250133028597
0.04590706810443457
-0.044204684240029435
-0.07021204683602167
-0.0738665356100876
-0.06871957789975802
-0.05893927041957192
-0.04535176236115568
-0.027599528561746967
-0.006588888374298607
0.014873662478011584
0.03676702780584962
0.062484394678420485
0.09486364583208917
0.13637356169875658
0.1860988023125555
0.23881509319097827
0.30301883405801167
0.36228809620499214
-0.4021725407326169
0.5959952567564671
0.08352084009236438
-0.04340508084966643
-0.08516454285558384
-0.09535115785369008
-0.09255296654406986
-0.08316528684283231
-0.06893624340164806
-0.04997877121642458
-0.027721255798625055
-0.00554380269487198
0.016322576298728242
0.04151401224780249
0.07326020969026226
0.11399707987744534
0.16223663064969862
0.21250149815452057
0.27507409478491385
0.3405776339758173
-0.3773927540802815
0.6287407012109845
0.11255068170943072
-0.0306763225496427
-0.08453686902975543
-0.1025949967109423
-0.10454462785525664
-0.0978099491177078
-0.08487668195770137
-0.0663569423957906
-0.04401530310542112
-0.021434081950799433
0.0010716147035213508
0.02711133287662726
0.05990488256186166
0.10190378794080479
0.15176737069224377
0.20444062551313102
0.27051506211082554
0.3401739198248588
-0.3686692630112909
0.6497726380996849
0.13476607902001803
-0.016361726648348007
-0.07700256688536755
-0.10036126574757298
-0.10622984810392255
-0.10225344758862831
-0.0911556502113069
-0.07376086615582578
-0.05199786975574172
-0.029556931649776574
-0.0068221372159607
0.01976233156169871
0.053377802674191344
0.09645729064717201
0.14768229910240915
0.20204581704988356
0.26993763587647024
0.3409435789740015
-0.3654366380038456
0.6653843975979354
0.15248364074055787
-0.003326818732749537
-0.06807878127287981
-0.09482921164317482
-0.10341164403971526
-0.10154104795757801
-0.09201735193179639
-0.07574017401686417
-0.05469852208708037
-0.03262376327013028
-0.009941918812952144
0.016851840143137675
0.050890229356925776
0.09456127993846508
0.14651605596229844
0.20171791705140596
0.2703706682294954
0.34168051139166167
-0.36433015125830415
0.677721506083739
0.16706652637878894
0.008124365707692593
-0.059359436971798685
-0.088382000160663
-0.09883177505618068
-0.09847445885230699
-0.09015106375685278
-0.07479587048016167
-0.05442017176442393
-0.032767230327916286
-0.010287637318096676
0.016482880850691495
0.05063585294887729
0.09451922653564382
0.14675443283250633
0.2022743171849306
0.2711468811934784
0.34232678899746993
-0.36410438496143294
0.6877937976015396
0.1792986138863445
0.018099768311226172
-0.051330485730055164
-0.08196085813735321
-0.0937395554776701
-0.09448058880596055
-0.08705890164734909
-0.07243296418186373
-0.05262495840764014
-0.03137993676785378
-0.009164179839959319
0.01745567437440121
0.051540571094731424
0.0954095468932421
0.14766439174105894
0.2032168510159872
0.27203601159120605
0.3429002918314912
-0.36424159636146713
0.696171194614791
0.1896711635112439
0.02676253180717625
-0.044128499557478884
-0.07595306529810708
-0.08871676823091712
-0.09027941026585884
-0.08354729300474029
-0.06949980044809068
-0.05016674048847114
-0.029292029028600508
-0.00735317167428251
0.01905931225043389
0.05298414936650386
0.0967206040161509
0.14885916542246858
0.20429845891945364
0.2729337338385459
0.34341486840405255
-0.36451002138745214
0.7032150214433674
0.19851888362274106
0.034268215031268756
-0.03776219249541568
-0.07050928176369631
-0.08403068949107673
-0.08622822085037196
-0.08003706144746392
-0.06645556392275043
-0.04752004414028588
-0.02697267416434901
-0.00529969730758606
0.02088938723614686
0.05461684828923452
0.09816837036211212
0.15012854173038837
0.20538825963839447
0.27378618986322745
0.3438755352010264
-0.36480745188589014
0.7091729830056135
0.20608487831748357
0.040754201051727335
-0.03218992093076878
-0.06567127313481413
-0.07979329336969054
-0.08249530905954128
-0.0767385704343766
-0.06353855010789533
-0.044937416351298776
-0.024675667260825485
-0.0032467045769490888
0.022724510528434716
0.056247671828725476
0.0995989306415942
0.15136021793643595
0.20641800032304303
0.27456665011766235
0.34428483188383485
-0.365089857345295
0.7142240143316783
0.21255348267804797
0.04633905760981316
-0.02735178233327118
-0.06142997643468506
-0.07603860129732265
-0.07914993473929077
-0.07374831083874644
-0.06086439991097281
-0.042545640796393114
-0.02253112122679446
-0.001320259004299107
0.024449222490469436
0.05777718310584168
0.10093284734286434
0.15249731882599726
0.20735464851397833
0.2752638759273861
0.344645094743131
-0.36534030224868497
0.7185020242174448
0.2180682998839747
0.051123676936249196
-0.023184265619012434
-0.05775392245617672
-0.07276227195294949
-0.0762101628762375
-0.07110206810146136
-0.058481943438732475
-0.040401898071187325
-0.02059987396120677
0.0004196194888935745
0.02600823484086867
0.05915797608144657
0.10213288601675397
0.15351422434803197
0.20818486543520376
0.2758752988054197
0.3449589252048598
-0.36555436786082174
0.7221095787426286
0.2227429798235916
0.05519296752771563
-0.019627121453207996
-0.05460373067532731
-0.06994254378952225
-0.07366883773786848
-0.06880442575469092
-0.05640473911731991
-0.038525951188524976
-0.018905067980925505
0.0019490866744934499
0.02737930320241322
0.06037124109302394
0.10318498140586962
0.1544024424983239
0.2089060229621874
0.2764029727909614
0.3452291474797602
-0.36573307500143004
0.7251263193043593
0.22666809960542533
0.05861763585273616
-0.016626441791424806
-0.051939508230354425
-0.06755125567331532
-0.071507578938794
-0.06684499953047807
-0.054628707807590215
-0.03691835054649206
-0.017450177617791995
0.003263354836771981
0.02855768404748471
0.061413331440328456
0.10408728848629323
0.15516232104937921
0.2095207476000317
0.2768509227464354
0.3454584338489667
-0.3658798118853459
0.727614485783866
0.2299159571258691
0.06145587891831261
-0.014135773909090599
-0.049724468867159644
-0.0655596614288787
-0.06970435843834366
-0.06520733227647013
-0.05314191093480547
-0.03557065357069167
-0.016229213173100776
0.004366944740517242
0.029547230647179012
0.06228802568145242
0.104843910369675
0.155798535426253
0.2100343470147673
0.27722440920480396
0.34564997727313196
-0.36599769158404105
0.7296226117893337
0.23254385940203548
0.06375485001775472
-0.012116343765889992
-0.047926642458475
-0.06394141554786681
-0.06823753614502626
-0.06387373317404621
-0.051929949652471885
-0.03447112355170412
-0.015232447679129901
0.005268175825921428
0.03035532081957837
0.06300208320937839
0.10546116347165257
0.15631703805109232
0.21045238177179515
0.2775280981372543
0.3458061348666146
-0.36609021569069844
0.7311881271710968
0.2345965394650753
0.06555192499696316
-0.010536783241618108
-0.04651950001090843
-0.06267396217812626
-0.06708788638652097
-0.06282779948532213
-0.05097882728546965
-0.03360777872103604
-0.014449499222778384
0.005976196908135223
0.030990133646670692
0.06356288387294629
0.10594569791575459
0.15672374445012005
0.21077995966690122
0.27776584648999114
0.34592848894776385
-0.36616088790211876
0.7323391717407739
0.23610795093945103
0.06687577850640447
-0.00937269125764928
-0.045482059270623765
-0.061739125044930177
-0.06623957860927243
-0.06205570517870185
-0.05027646001439834
-0.032970033194284376
-0.013871020382360877
0.006499351014352839
0.031459168130910875
0.0639771693021971
0.10630353022139982
0.15702396112689598
0.21102165764785208
0.2779412425385034
0.3460188786038517
-0.366211819720071
0.7330958605212775
0.23710252841216395
0.06774720944918011
-0.00860622827450852
-0.04479882526878409
-0.0611233145434229
-0.06568062702622046
-0.06154684480594885
-0.04981344534346066
-0.032549532390455216
-0.013489548055933831
0.006844348808747958
0.031768468429879904
0.06425036207039958
0.10653946973265116
0.15722186793297266
0.2111809788695952
0.2780568827592508
0.3460784430282525
-0.3662449084905042
0.7334711705379555
0.23759611131957803
0.06817975521663633
-0.008225706847212022
-0.04445957625981278
-0.06081750311319811
-0.06540300408976818
-0.06129405659663645
-0.04958339244620591
-0.03234056639736127
-0.013299952438563079
0.007015825027098077
0.031922222958605695
0.06438621805380595
0.10665683409800919
0.15732034323576916
0.21126036141779825
0.2781146842542398
0.3461083209258815
-0.3662608566398735
0.7334714591345397
0.23759647767461956
0.06818008034814116
-0.008225351969202155
-0.04445924050632133
-0.06081719280142228
-0.06540269282391664
-0.06129373968173524
-0.04958307244812299
-0.032340241205727205
-0.013299633129105315
0.007016119423214007
0.03192253379782817
0.0643866214714468
0.1066572884215824
0.15732080800462045
0.21126094191049294
0.27811537314050905
0.3461085700421829
-0.3662607560437656
0.7330967226211368
0.23710362470255686
0.06774818551558992
-0.008605165652385782
-0.044797819228961755
-0.06112238237380074
-0.06567969531789841
-0.06154589918536635
-0.049812488366254515
-0.03254855679272417
-0.013488588787502476
0.0068452357374017
0.03176940791763039
0.06425157579827068
0.10654082795775488
0.1572232614641773
0.21118275027438582
0.27805905588642055
0.3460794478130549
-0.36624417827947564
0.7323406109684263
0.23610977840586844
0.066877406204645
-0.009370915188805062
-0.04548037781855507
-0.06173756753347681
-0.0662380223238006
-0.06205412444366698
-0.05027485640996465
-0.03296839614462321
-0.01386941310229406
0.006500830290721682
0.03146072896711449
0.0639791871266322
0.10630578199878626
0.1570262458809608
0.21102452773866898
0.277944698974377
0.3460202353923888
-0.3662110192238308
0.7311901494788089
0.2345991040646812
0.0655542018396833
-0.010534290097869992
-0.04651713644670763
-0.06267177155806047
-0.06708569405010256
-0.06282556926767024
-0.050976565793428685
-0.0336054727397217
-0.014447236277038478
0.005978277269254817
0.030992330744477936
0.06356573359233852
0.10594888418148951
0.15672697372965483
0.21078401453043027
0.27777073987277723
0.3459304067205001
-0.3661597453807468
0.7296252161968959
0.23254715235840373
0.06375777170172581
-0.012113135135718434
-0.04792359872416152
-0.06393859102072663
-0.06823470526586473
-0.06387084841064339
-0.05192701890380591
-0.03446812832230539
-0.015229502028634156
0.005270887348109432
0.030358189854095552
0.06300581910305181
0.10546536186427657
0.15632130506513553
0.2104577306383254
0.2775345499583629
0.34580865935469984
-0.36608871409117527
0.7276176658261965
0.22991996332633569
0.06145943720604341
-0.014131844763692003
-0.049720738062921876
-0.06555619895776044
-0.06970088261702068
-0.06520378276724981
-0.05313829686329585
-0.03556695113621999
-0.016225565714735657
0.00437030834023755
0.029550803846031037
0.06229270659239561
0.10484921451666307
0.15580396781877015
0.21004117637625574
0.2772326934366721
0.3456533752386004
-0.3659955382234654
0.7251300807135115
0.22667281590842636
0.05862181475824779
-0.016621795923317917
-0.05193508529044033
-0.067547148055904
-0.07150344536559405
-0.06684076612907242
-0.05462438947578985
-0.036913920956103574
-0.01744580566502596
0.0032673911991992766
0.028561976504583808
0.06141898375715871
0.10409374078434586
0.1551689512310681
0.20952907278204724
0.27686102351213127
0.34546253030065566
-0.3658772267103192
0.7221139235733418
0.222748402784959
0.055197757497795985
-0.01962176407188032
-0.054598617067179944
-0.06993779206124873
-0.07366403859418846
-0.0687994909502192
-0.056399695081940315
-0.03852076930780646
-0.01889994616186841
0.001953807722274048
0.027384315118061164
0.060377887124170915
0.10319263095705655
0.15441029345068025
0.20891582199465863
0.27641484820986917
0.34523375416862767
-0.36573029479570174
0.7185069488221711
0.21807441341993128
0.05112906526847705
-0.02317819394582954
-0.05774811926856782
-0.07275686870071851
-0.07620469302311639
-0.07109643034584234
-0.05847616353651497
-0.04039594220307885
-0.020593974758270628
0.00042505291889982644
0.026014001009871612
0.05916569431855667
0.10214189867982215
0.15352353845838052
0.20819646900392863
0.27588936866766833
0.3449643542937968
-0.36555107476646875
0.714229503794376
0.2125602306370854
0.04634499526642999
-0.027345013725178058
-0.061423494114667854
-0.07603255054027502
-0.07914380007577604
-0.07374198236696339
-0.06085788213054433
-0.04253888086825919
-0.02252439560404773
-0.0013140607473938193
0.024455790597937344
0.05778606222785421
0.10094342081839758
0.15250835069769064
0.20736832928859072
0.27528048344958433
0.3446515011904586
-0.36533639531965556
0.7091790241591492
0.20609218384758943
0.04076058204753985
-0.032182511385615564
-0.0656641601747272
-0.07978666166181836
-0.0824885608532484
-0.07673156996612285
-0.06353129486236342
-0.04492983960095276
-0.02466808420816169
-0.0032397089658329215
0.022731896230819504
0.05625778175232188
0.0996113149529202
0.15137334035728323
0.20643416255940394
0.27458624719896596
0.3442923761889437
-0.36508522785789865
0.7032215980357374
0.19852669437910753
0.03427497401538071
-0.037754189223441204
-0.0705015903686792
-0.08402353033534027
-0.0862208968978726
-0.08002940668714942
-0.0664475865523746
-0.047511667146826975
-0.026964235686642857
-0.005291891523708792
0.02089757176684781
0.05462820546756475
0.09818281835763254
0.15014414935968134
0.2054073200350489
0.27380929430435963
0.3438844323105237
-0.36480197565527384
0.6961782551537166
0.1896793810209475
0.026769618027339792
-0.044119985884574
-0.07594488560888935
-0.08870914351616999
-0.09027158807086
-0.08353909300402296
-0.069491205149665
-0.05015764781306942
-0.029282805277190738
-0.007344643175557497
0.019068110394364512
0.05299662568617314
0.09673741677758341
0.14887783119176767
0.20432103889541964
0.27296106985103663
0.3434254426732939
-0.36450350428425526
0.6878013039408086
0.1793070818184237
0.018106992771971253
-0.051321608411235786
-0.0819523260583328
-0.0937315963728591
-0.09447242489973107
-0.08705033217057867
-0.07242393308585116
-0.05261532873259345
-0.0313700650556592
-0.009155053171032046
0.017464809429665107
0.05155390971502194
0.09542912952675697
0.14768698656209278
0.2032438118639509
0.2720685627561119
0.3429130109500337
-0.36423372445578606
0.6777293984383702
0.1670750433046786
0.008131482672814383
-0.05935039685691024
-0.08837331141677573
-0.09882367881293952
-0.0984661804728586
-0.09014237397813862
-0.07478668485635986
-0.054410335644799135
-0.03275703683859965
-0.01027825088961598
0.016491719672090732
0.050649395417529774
0.09454202084175967
0.14678220608215986
0.20230691367463738
0.2711861182238563
0.342342320729771
-0.3640947818891713
0.6653925215069008
0.15249182984212595
-0.0033202036950024105
-0.068069952069439
-0.09482069356861422
-0.10340369973433061
-0.10153300645535057
-0.09200897248834727
-0.07573132684035788
-0.054689036139905944
-0.03261382594286766
-0.009932993460435746
0.01685899590640294
0.050902373792436006
0.09458746398741003
0.14655062835050203
0.20175813055780512
0.27041994080044096
0.34170254146608436
-0.3643143618722011
0.649780930902992
0.13477353692984861
-0.016355997745350015
-0.0769943941261555
-0.10035328497229257
-0.10622225193427703
-0.10224592198663718
-0.09114794645626723
-0.07375279426984949
-0.05198930092613119
-0.029547964306866348
-0.0068149239975705544
0.019764912877744845
0.05338453798771703
0.09648489664580207
0.14772286096880038
0.20209153301630167
0.2699952051721227
0.34096974773991484
-0.3654164406823308
0.6287493591431619
0.11255695551631928
-0.030671997340491863
-0.08453032686954765
-0.10258832683418939
-0.1045377859225094
-0.09780344936786123
-0.08487007851062223
-0.06634974078503597
-0.04400747230437352
-0.021425766139010483
0.0010767872585847327
0.027106082269167664
0.059899647930161004
0.10192729412248402
0.151808002617154
0.20448150278053112
0.2705723460675791
0.34019780552550793
-0.3686474127013979
0.5960051985816555
0.08352473945157468
-0.04340358832120339
-0.08516220125290652
-0.09534726458213516
-0.09254787519885688
-0.08316124133042102
-0.06893178408864165
-0.04997239040916979
-0.0277124368038133
-0.005531592823975862
0.016334359430991707
0.04151151592145941
0.07324690888718832
0.11400378335597705
0.16224282456619954
0.2124928811952519
0.27510732302438845
0.34059854055377004
-0.3773522741848523
0.5073565010012507
0.045911963828512925
-0.04424249184208229
-0.07021173007843085
-0.07385245477522218
-0.06872687418794365
-0.05895345538637886
-0.04535752515015168
-0.027598842472992047
-0.006579596013441602
0.014874445819292204
0.03673995257698015
0.0625567915710824
0.09520654853701316
0.13655164108792905
0.18559978147132217
0.23833556833377467
0.30304002790073603
0.3623769997983963
-0.40205153512691627
-1.0046476888813256
-0.5630082816918065
-0.38394378144736474
-0.3075851577478952
-0.2698438973746202
-0.25013517974699107
-0.2403983205383673
-0.23768166935595603
-0.24074651833050598
-0.24886611873803544
-0.26183874282850517
-0.28027971232181326
-0.30512425282224487
-0.3384089947731659
-0.3797655295289295
-0.4268182247399117
-0.48336314196847385
-0.5565855215369326
-0.6923267831141011
-1.474441063583983
-0.70387560326055
-0.11768888610184702
-0.07539165202132314
-0.06263646412195278
-0.0555075263018181
-0.04938569923572533
-0.042755112439552434
-0.035090317165818785
-0.026147909322829177
-0.015906020171102542
-0.004643998736052035
0.007376286279694333
0.019604101132344787
0.029584932800226338
0.032693642462192085
0.020042419784026655
-0.02756315876744475
-0.14697663213343315
-0.44604182441143836
-1.4811612869468789
-0.5594448774060956
-0.4500912090512408
-0.3253189525039053
-0.26453790537147204
-0.23235972044269126
-0.21463945891746206
-0.2053209086566119
-0.20224882706400948
-0.20473969096179512
-0.21267797145405254
-0.22616421876681936
-0.2456327903745643
-0.2723294313296232
-0.3091214850332624
-0.3565762567384092
-0.4127051899543883
-0.4805813621523567
-0.5688981616505888
-0.726571705667467
-1.5445487813513155
-0.559022202515536
-0.4507133491886366
-0.3254178106155874
-0.2641196371156762
-0.2323439554129083
-0.2148697713382528
-0.2053541321858141
-0.20220958410200418
-0.20470512796915252
-0.21257798263158345
-0.22633000252022484
-0.2464729215030217
-0.2717231856985247
-0.3053936505469226
-0.35636185703417755
-0.4175372642400137
-0.48214194360048723
-0.5679253119409726
-0.7260012732101344
-1.5458032904992831
-0.703545224283187
-0.11837516376479185
-0.07559592833033002
-0.062118256122251525
-0.05545094949590679
-0.04966420408325889
-0.04280699931483678
-0.03503449640493339
-0.026112325089586053
-0.0157952167243105
-0.004772964152735426
0.006563145333686515
0.019882638310599332
0.0327434505562626
0.03390314761932378
0.01597306423597833
-0.03022619848751118
-0.14552034091208488
-0.4457207106126262
-1.482127520146637
-1.0044117259908347
-0.5635782579542856
-0.38410810660734684
-0.30712293982062255
-0.26979438747204765
-0.25038161044123486
-0.24045331419685856
-0.23762326738248452
-0.24071403096259236
-0.24877863560529678
-0.261911303860356
-0.2808254041868643
-0.3049875388383114
-0.33604966411254034
-0.37868665236653887
-0.43105809041059806
-0.48601024411939253
-0.5539890897997923
-0.6921110881610215
-1.474743239814455
