1.000000 0.000000 0.000000 1.000000 0.000000 0.250000 1000.0 0.000000 0.25000 1000.0 0.000000 0.000000 
1.000000 0.000000 0.250000 1.000000 0.000000 0.500000 1000.0 0.000000 0.50000 1000.0 0.000000 0.250000 
1.000000 0.000000 0.500000 1.000000 0.000000 0.750000 1000.0 0.000000 0.75000 1000.0 0.000000 0.500000 
1.000000 0.000000 0.750000 1.000000 0.000000 1.000000 1000.0 0.000000 1.00000 1000.0 0.000000 0.750000 
1.000000 0.000000 1.000000 1.000000 0.000000 1.250000 1000.0 0.000000 1.25000 1000.0 0.000000 1.000000 
1.000000 0.000000 1.250000 1.000000 0.000000 1.500000 1000.0 0.000000 1.50000 1000.0 0.000000 1.250000 
1.000000 0.000000 1.500000 1.000000 0.000000 1.750000 1000.0 0.000000 1.75000 1000.0 0.000000 1.500000 
1.000000 0.000000 1.750000 1.000000 0.000000 2.000000 1000.0 0.000000 2.00000 1000.0 0.000000 1.750000 
1.000000 0.000000 2.000000 1.000000 0.000000 2.250000 1000.0 0.000000 2.25000 1000.0 0.000000 2.000000 
1.000000 0.000000 2.250000 1.000000 0.000000 2.500000 1000.0 0.000000 2.50000 1000.0 0.000000 2.250000 
1.000000 0.000000 2.500000 1.000000 0.000000 2.750000 1000.0 0.000000 2.75000 1000.0 0.000000 2.500000 
1.000000 0.000000 2.750000 1.000000 0.000000 3.000000 1000.0 0.000000 3.00000 1000.0 0.000000 2.750000 
1.000000 0.000000 3.000000 1.000000 0.000000 3.250000 1000.0 0.000000 3.25000 1000.0 0.000000 3.000000
1.000000 0.000000 3.250000 1.000000 0.000000 3.500000 1000.0 0.000000 3.50000 1000.0 0.000000 3.250000
1.000000 0.000000 3.500000 1.000000 0.000000 3.750000 1000.0 0.000000 3.75000 1000.0 0.000000 3.500000
1.000000 0.000000 3.750000 1.000000 0.000000 4.000000 1000.0 0.000000 4.00000 1000.0 0.000000 3.750000
1.000000 0.000000 4.000000 1.000000 0.000000 4.250000 1000.0 0.000000 4.25000 1000.0 0.000000 4.000000
1.000000 0.000000 4.250000 1.000000 0.000000 4.500000 1000.0 0.000000 4.50000 1000.0 0.000000 4.250000
1.000000 0.000000 4.500000 1.000000 0.000000 4.750000 1000.0 0.000000 4.75000 1000.0 0.000000 4.500000
1.000000 0.000000 4.750000 1.000000 0.000000 5.000000 1000.0 0.000000 5.00000 1000.0 0.000000 4.750000